10 2.8940963328905057e-05 0.0
50 0.0 0.0
250 0.0 0.0
1250 0.0 0.0
6250 6.270542054596096e-05 0.0
31250 0.00029423312717720694 0.0
156250 0.0073799456488708726 800040.0
781250 0.03680325836659129 4799180.0
3906250 0.18401629183295665 24018160.0
19531250 0.9200091067564606 115226120.0
97656250 4.600050357276191 624043240.0
488281250 23.0002373158993 3105607260.0
10 0.0 0.0
51 0.0 0.0
260 0.0 0.0
1326 1.4470481664452528e-05 0.0
6765 6.270542054596096e-05 0.0
34502 0.0003231740905061065 0.0
175962 0.008296409487619505 799720.0
897410 0.04227792392964258 6399940.0
4576794 0.21561017680034505 32797640.0
23341651 1.0995154318039961 123210960.0
119042423 5.607432232322619 689627020.0
607116361 28.59783444418398 3702394180.0
10 0.0 0.0
51 0.0 0.0
270 0.0 0.0
1406 0.0 0.0
7311 0.0 0.0
38020 7.23524083222682e-05 798920.0
197706 0.009333460673571964 799280.0
1028071 0.04842787863703499 7192620.0
5345972 0.25183461590035816 36799980.0
27799058 1.3094821207552048 172803540.0
144555105 6.809205734555414 843227320.0
751686550 34.3971211459078 7714399080.0
10 5.7881926657810805e-05 802580.0
52 4.823493888151536e-06 0.0
280 1.4470481664452876e-05 0.0
1488 1.4470481664452528e-05 0.0
7890 7.235240832226333e-05 0.0
41819 0.0003907030049402231 799720.0
221643 0.010442864267846685 2400020.0
1174711 0.055349592366531496 7199740.0
6225969 0.2932925458690152 40799800.0
32997635 1.5543467879871853 192011120.0
174887470 8.238874852521672 1046413640.0
926903592 40.07953941421561 28781351300.0
10 0.00015917529830897955 799260.0
53 4.82349388815119e-06 0.0
291 1.4470481664452528e-05 0.0
1574 1.4470481664452876e-05 811300.0
8503 8.199939609856502e-05 0.0
45916 0.00042929095604542916 801240.0
247949 0.011696972678765922 1600440.0
1338925 0.06309130005701372 8799720.0
7230196 0.3405869034423346 52799280.0
39043059 1.8391017496741728 222390920.0
210832519 9.9311639187222 1267195340.0
10 0.0 0.0
54 0.0 0.0
302 4.8234938881508425e-06 0.0
1663 1.929397555260372e-05 0.0
9150 8.682288998671586e-05 0.0
50328 0.00047270240103878814 0.0
276806 0.013047550967448165 1599100.0
1522435 0.0717253541168038 8000060.0
8373393 0.3944412127035393 44799060.0
46053665 2.169342258726424 249613200.0
253295162 11.931346246791168 1529599020.0
10 0.0 0.0
55 0.0 0.0
313 4.8234938881508425e-06 0.0
1756 1.929397555260372e-05 0.0
9834 9.16463838748674e-05 800040.0
55073 0.002609510193489634 800480.0
308409 0.014542834072774943 3993140.0
1727094 0.08137234189310559 9599440.0
9671731 0.45560311520529273 52000800.0
54161694 2.551266504790212 298393520.0
303305489 14.287044191886304 1846413200.0
10 0.0 0.0
56 2.894096332890575e-05 0.0
324 4.8234938881508425e-06 0.0
1851 1.9293975552602675e-05 0.0
10556 0.00010129337165116838 0.0
60169 0.0005643487849136548 0.0
342964 0.016158704525305496 2406180.0
1954897 0.09210461579424133 15200780.0
11142915 0.5248926049085803 62397500.0
63514619 2.991844436533914 370391260.0
362033331 17.053390289149167 2187226520.0
10 0.0 0.0
57 0.0 0.0
336 0.0 0.0
1951 2.894096332890575e-05 0.0
11316 0.00010611686553931993 0.0
65635 0.0006174072176833141 800220.0
380686 0.01794339726392133 2400420.0
2207984 0.104018645697974 13600640.0
12806308 0.6032502631215916 75198880.0
74276587 3.4987695267091325 414372040.0
430804206 20.292815019974093 2753602460.0
10 0.0 0.0
58 4.8234938881508425e-06 0.0
348 0.0 0.0
2053 2.4117469440754213e-05 0.0
12117 0.00011576385331562161 0.0
71492 0.0006704656504529748 0.0
421805 0.019872794819181687 2395120.0
2488651 0.11723501895150748 17608900.0
14683043 0.6916407886219567 96793460.0
86629958 4.080675829375658 509596300.0
511116753 24.075741395128077 3483201100.0
10 0.0 0.0
59 9.646987776301685e-06 0.0
359 0.0 0.0
2159 2.411746944075456e-05 0.0
12959 0.00012058734720377315 0.0
77759 0.0036658553549946786 800000.0
466559 0.02199513212996808 2399680.0
2799359 0.13187432290204545 17592860.0
16796159 0.7911977024733914 96800560.0
100776959 4.747065627493144 723993860.0
604661759 28.48227800110555 4108804800.0
10 0.0 0.0
60 4.8234938881508425e-06 0.0
372 4.8234938881508425e-06 0.0
2269 2.411746944075456e-05 0.0
13845 0.00013023433498007413 0.0
84459 0.0007958764915448974 806580.0
515203 0.024286291726839743 3200020.0
3142742 0.1480571448967917 19999880.0
19170731 0.9030304082701697 119200960.0
116941460 5.508478255207202 653603000.0
713342911 33.60162088688618 5745599020.0
10 0.0 0.0
61 1.4470481664452528e-05 0.0
384 0.0 0.0
2383 2.4117469440754908e-05 0.0
14776 0.00013988132275637651 0.0
91613 0.0008634054059790099 0.0
568002 0.026770391079237475 3999860.0
3521614 0.16590407228295 22400720.0
21834010 1.0284894843009744 132793200.0
135370865 6.376586567727161 727997580.0
839299365 36.43389932210617 13197861100.0
10 0.00015917529830897884 799380.0
62 1.929397555260372e-05 0.0
396 4.82349388815119e-06 0.0
2500 5.3058432769659965e-05 0.0
15752 0.0001495283105326782 0.0
99243 0.0009357578143012746 0.0
625235 0.02947154765660196 4801580.0
3938980 0.18555980987716494 33592460.0
24815578 1.1689255088544879 167993640.0
156338141 7.364221058795496 1126497120.0
984930291 41.779632893527165 30109816200.0
10 0.00015917529830897955 800240.0
63 1.929397555260372e-05 806640.0
409 4.8234938881508425e-06 0.0
2621 5.3058432769659965e-05 0.0
16777 0.0001591752983089792 798540.0
107374 0.005064668582558438 1601800.0
687194 0.03238976145893325 5622180.0
4398046 0.2071690624960809 34740320.0
28147497 1.3258819999749176 193731680.0
180143985 8.485586917912816 1210500260.0
10 0.0 0.0
64 0.0 0.0
422 4.8234938881508425e-06 0.0
2746 1.929397555260372e-05 0.0
17850 0.00016882228608528158 0.0
116029 0.005460195081386813 816800.0
754188 0.03554914995567209 4918200.0
4902227 0.23092476989522406 44422820.0
31864481 1.5009748281147954 210970880.0
207119128 9.75623991286841 1426209440.0
10 0.0 0.0
65 0.0 0.0
435 4.8234938881508425e-06 0.0
2874 1.929397555260372e-05 0.0
18974 0.0001832927677497334 0.0
125233 0.005889486037432238 1578640.0
826539 0.03894971314681848 6130400.0
5455160 0.2569716368912389 31085920.0
36004060 1.6959645685432954 227041300.0
237626800 11.193279329495763 1512313540.0
10 0.0 0.0
66 0.0 0.0
448 4.8234938881508425e-06 0.0
3007 1.929397555260337e-05 0.0
20151 0.0001929397555260358 807240.0
135012 0.006367011932359179 1601400.0
904583 0.04261556850181315 6401040.0
6060711 0.2855026032396514 43223960.0
40606767 1.9127806188156775 270400460.0
272065343 12.815492676489233 1740129640.0
10 0.0 0.0
67 4.8234938881508425e-06 0.0
462 9.646987776301685e-06 0.0
3144 3.37644572170559e-05 0.0
21381 0.00020258674330233677 0.0
145393 0.006849361321174266 0.0
988674 0.04659495095953764 9596380.0
6722988 0.31668649122654696 35997400.0
45716323 2.1534488463649666 256009780.0
310871002 14.643403920342887 2013980900.0
10 0.0 0.0
68 4.8234938881508425e-06 0.0
476 0.0 0.0
3285 0.0 0.0
22667 5.3058432769659965e-05 0.0
156403 0.00737994564887087 1298480.0
1079181 0.05083962558111042 7688160.0
7446353 0.350764475546333 57385860.0
51379837 2.4202362933185926 309591200.0
354520878 16.699514660044976 2210059500.0
10 0.0 0.0
69 4.8234938881508425e-06 0.0
489 0.0 0.0
3429 0.0 0.0
24009 2.8940963328905057e-05 792220.0
168069 0.007934647446008223 807360.0
1176489 0.05542194477485376 7207680.0
8235429 0.3879294959545357 56805880.0
57648009 2.715482354212309 327985320.0
403536069 19.008352362016723 2696277560.0
10 0.0 0.0
70 0.0 0.0
504 0.0 0.0
3579 0.0 0.0
25411 2.894096332890575e-05 0.0
180422 0.008513466712586328 800120.0
1281002 0.06034190854076769 8170580.0
9095120 0.42842272714556245 60209180.0
64575353 3.041791715745717 369609640.0
458485007 21.596687417337375 2995992940.0
10 0.0 0.0
71 4.8234938881508425e-06 0.0
518 0.0 0.0
3732 0.0 0.0
26873 2.894096332890575e-05 0.0
193491 0.00911640344860519 1599620.0
1393140 0.06562363434829291 10407880.0
10030613 0.4725094612832617 74389500.0
72220413 3.4019137694350627 442442640.0
519986978 24.493701964030244 3559658040.0
10 0.0 0.0
72 0.0 0.0
532 0.0 0.0
3890 0.0 0.0
28398 2.894096332890575e-05 0.0
207307 0.009767575123505564 799960.0
1513342 0.07129123966687023 9592400.0
11047398 0.5203826381231592 76006620.0
80646009 3.7987908465521185 461592900.0
588715867 27.731134591879357 4006399580.0
10 0.0 0.0
73 0.0 0.0
547 0.0 0.0
4052 0.0 0.0
29986 3.376445721705659e-05 0.0
221900 0.010466981737287443 800120.0
1642064 0.07736884196594034 10399660.0
12151280 0.5723799022374257 77599220.0
89919474 4.235606453063063 496792300.0
665404107 31.343188696045598 4744008660.0
10 0.0 0.0
74 0.0 0.0
562 0.0 0.0
4218 0.0 0.0
31640 2.8940963328905057e-05 801220.0
237304 0.011190505820510073 2398680.0
1779785 0.0838564412455033 12800000.0
13348388 0.6287906632593507 90401540.0
100112915 4.715785269628484 572813860.0
750846862 35.36822552342143 5372013880.0
10 0.0 0.0
75 0.0 0.0
577 0.0 0.0
4389 0.0 0.0
33362 3.376445721705659e-05 0.0
253552 0.011962264842614218 2400060.0
1926999 0.09077815497499984 11198240.0
14645194 0.6898560958833411 92799180.0
111303478 5.242896681725613 662396260.0
845906438 39.45104298408343 8599996040.0
10 0.00015917529830897955 799520.0
76 0.0 0.0
592 4.823493888150496e-06 0.0
4565 4.341144499335759e-05 0.0
35153 0.0003328210782824116 800220.0
270678 0.012758141334159118 1600700.0
2084223 0.09818221809331144 12799900.0
16048523 0.755962079620449 105598520.0
123573629 5.820871836873295 724808400.0
951516944 42.66551095753107 27724176220.0
10 0.00015917529830897955 807580.0
77 0.0 0.0
608 1.4470481664452876e-05 0.0
4745 4.341144499335828e-05 0.0
37015 0.00034729155994686416 807020.0
288717 0.013602252764585529 799900.0
2251996 0.1060927480698789 14400280.0
17565568 0.8274221415734047 122395300.0
137011437 6.453858939815339 797601900.0
10 0.0 0.0
78 4.8234938881508425e-06 0.0
624 9.646987776301685e-06 0.0
4930 4.823493888150843e-05 0.0
38950 0.0003665855354994675 0.0
307705 0.014518716603334189 2401180.0
2430874 0.11450974490470223 14406660.0
19203908 0.9045980437838189 102407200.0
151710880 7.146271487459397 917608020.0
10 0.0 0.0
79 0.0 0.0
639 9.646987776301685e-06 0.0
5119 4.823493888150843e-05 0.0
40959 0.0003858795110520716 0.0
327679 0.015459297911523614 3200760.0
2621439 0.12350556100610369 15191200.0
20971519 0.9878756657627441 115994740.0
167772159 7.902850974297531 999219140.0
10 0.0 0.0
80 0.0 0.0
656 9.646987776301685e-06 0.0
5314 4.823493888150912e-05 0.0
43046 0.00040517348660467495 0.0
348678 0.016448114158594547 2399440.0
2824295 0.1330560789046424 15199860.0
22876792 1.0776167695517915 122398640.0
185302018 8.728570422528419 1045594600.0
10 0.0 0.0
81 1.4470481664453221e-05 0.0
672 0.0 0.0
5513 0.0 0.0
45212 4.341144499335759e-05 0.0
370739 0.017485165344547 2394160.0
3040066 0.14320953353920005 18408720.0
24928547 1.1742554696008947 141583940.0
204414085 9.6288273218129 1300003260.0
10 0.0 0.0
82 0.0 0.0
688 0.0 0.0
5717 0.0 0.0
47458 4.341144499335828e-05 0.0
393904 0.018570451469380946 3199460.0
3269403 0.15401415984865802 23992520.0
27136050 1.278249997829428 159199260.0
225229223 10.609298924457335 1308000580.0
10 0.0 0.0
83 0.0 0.0
705 9.64698777630238e-06 0.0
5927 5.7881926657810805e-05 0.0
49787 0.00047270240103878744 800480.0
418211 0.019703972533096407 2401220.0
3512980 0.1654940753024572 20000400.0
29509034 1.390010351217884 161605440.0
247875891 11.676062832760785 1532790320.0
10 0.0 0.0
84 4.8234938881508425e-06 0.0
722 9.646987776301685e-06 0.0
6141 5.7881926657810805e-05 0.0
52200 0.0004919963765913909 0.0
443705 0.02090984600513414 4001420.0
3771495 0.17767339737003815 20007640.0
32057708 1.5100671140939599 187996680.0
272490525 12.835534293594497 1644813940.0
10 0.0 0.0
85 2.8940963328905057e-05 0.0
739 9.646987776301685e-06 0.0
6360 5.7881926657810805e-05 0.0
54700 0.0025805692301607286 800360.0
470427 0.022163954416053358 2399760.0
4045672 0.1905762435208418 27200360.0
34792782 1.6389026358464698 192004840.0
299217927 14.094514433340759 1848814060.0
10 0.0 0.0
86 0.0 0.0
756 9.64698777630238e-06 0.0
6585 6.270542054596096e-05 0.0
57289 0.0027011565773645005 799820.0
498420 0.02349041523529486 3999440.0
4336262 0.2042749661631904 26406100.0
37725479 1.777047500803112 211208320.0
328211671 15.460238492831806 2458520660.0
10 0.0 0.0
87 0.0 0.0
774 0.0 0.0
6814 6.270542054596165e-05 0.0
59969 0.0005643487849136548 0.0
527731 0.024865110993417858 4810660.0
4644040 0.21876956529708386 43184000.0
40867559 1.925056410761022 290402860.0
359634524 16.94039994481923 2419201300.0
10 0.0 0.0
88 4.8234938881508425e-06 0.0
792 9.64698777630238e-06 0.0
7049 6.75289144341118e-05 0.0
62742 0.0005884662543544098 805220.0
558405 0.026312159159863135 4803140.0
4969812 0.23410827586140365 29599040.0
44231334 2.0835081849867794 255198200.0
393658880 18.543102259035134 2765619520.0
10 0.0 0.0
89 0.0 0.0
809 9.646987776301685e-06 0.0
7289 6.752891443411249e-05 0.0
65609 0.0006174072176833148 795700.0
590489 0.02783155973463066 5600460.0
5314409 0.2503393327950314 56009960.0
47829689 2.2530057602164018 367209000.0
430467209 20.276931254600406 3084775080.0
10 0.0 0.0
90 0.0 0.0
828 9.646987776301685e-06 0.0
7535 7.235240832226333e-05 0.0
68574 0.0006463481810122199 799980.0
624032 0.0293991952482797 4805840.0
5678692 0.26751097103684857 43999580.0
51676101 2.434176190655349 287994820.0
470252527 22.15097921749424 3284796560.0
10 0.0 0.0
91 0.0 0.0
846 9.646987776301685e-06 0.0
7786 7.235240832226264e-05 0.0
71639 0.0006752891443411249 0.0
659081 0.03106330063969176 4799080.0
6063550 0.28562319058685526 48806940.0
55784660 2.627718882917404 360004000.0
513218873 24.174893135492905 3658397060.0
10 0.0 0.0
92 0.0 0.0
864 9.646987776301685e-06 0.0
8043 7.717590221041417e-05 0.0
74805 0.0007042301076700299 803160.0
695688 0.03277564096998533 3999600.0
6469901 0.3047724613228143 43199060.0
60170087 2.8342850086774654 328800100.0
559581809 26.358802345761553 4429612640.0
10 0.0 0.0
93 0.0 0.0
883 9.646987776301685e-06 0.0
8305 8.199939609856502e-05 0.0
78074 0.0007331710709989357 800240.0
733904 0.03458445117804191 3200040.0
6898697 0.3249829007141666 46410800.0
64847759 3.054622209488198 367188820.0
609568938 28.71280724450194 4240007040.0
10 0.0 0.0
94 0.0 0.0
902 9.64698777630238e-06 0.0
8573 8.199939609856572e-05 0.0
81450 0.0007669355282159923 801560.0
773780 0.03646561379442076 5600560.0
7350918 0.34627862623035277 51202140.0
69833729 3.2895022443717066 385594260.0
663420431 31.25006632304096 5096135280.0
10 0.0 0.0
95 0.0 0.0
921 9.646987776301685e-06 0.0
8847 8.199939609856572e-05 0.0
84934 0.0008006999854330482 801000.0
815372 0.03841912881912187 5600080.0
7827577 0.36873199027969517 52800540.0
75144747 3.5396727548806526 431986480.0
721389578 33.98067515408651 5088809280.0
10 0.0 0.0
96 0.0 0.0
940 9.646987776301685e-06 0.0
9126 8.682288998671586e-05 0.0
88529 0.0008344644426501048 0.0
858734 0.040469113721586014 5599940.0
8329720 0.39236711033163446 57601440.0
80798284 3.805977852445463 452797940.0
783743359 36.91779222896546 5725589460.0
10 0.0 0.0
97 0.0 0.0
960 9.646987776300992e-06 0.0
9411 8.682288998671586e-05 0.0
92236 0.0008682288998671607 0.0
903920 0.0425914510323724 5599680.0
8858423 0.41728045626393373 61601480.0
86812553 4.089261648496565 503996880.0
850763022 39.56151546460375 6977592020.0
10 2.411746944075456e-05 0.0
98 0.0 0.0
980 1.4470481664452876e-05 0.0
9702 9.16463838748667e-05 0.0
96059 0.0009068168509723682 800080.0
950990 0.044810258220921814 5600060.0
9414801 0.443496145546034 62399060.0
93206534 4.390464724342147 539207440.0
922744694 35.35223564118222 18631713000.0
10 0.0001591752983089799 799780.0
99 0.0 0.0
999 1.929397555260372e-05 0.0
9999 9.164638387486706e-05 0.0
99999 0.004727024010387877 1599800.0
999999 0.04712553528723424 7207040.0
9999999 0.47106241311681646 87996040.0
99999999 4.710455308882078 576000480.0
999999999 34.30336207170992 30113551760.0
10 0.00015917529830897955 1600620.0
100 0.0 0.0
1020 1.4470481664452528e-05 0.0
10303 9.646987776301824e-05 0.0
104060 0.004895846296473154 0.0
1051010 0.04951316476186893 7200280.0
10615201 0.5000274939151625 96007120.0
107213535 5.050246335832869 594400600.0
