11 2.8940963328905057e-05 0.0
55 0.0 0.0
275 0.0 0.0
1375 1.4470481664452528e-05 0.0
6875 6.270542054596096e-05 0.0
34375 0.0003231740905061065 0.0
171875 0.008103469732093499 1599920.0
859375 0.04049323119102674 5600100.0
4296875 0.20241792101625228 26407640.0
21484375 1.012017252672939 116009040.0
107421875 5.060066969389143 603216960.0
537109375 25.30024802405573 2373358300.0
11 0.0 0.0
56 0.0 0.0
286 0.0 0.0
1459 1.4470481664452528e-05 0.0
7441 7.235240832226264e-05 0.0
37952 0.00035693854772316793 199940.0
193559 0.009140520918045958 600000.0
987151 0.04652259855121535 3799760.0
5034473 0.23714707701093868 17800240.0
25675816 1.2094669749843958 84799800.0
130946666 6.168245396216258 434621380.0
667827997 31.45767432348086 2454415340.0
11 0.0 0.0
57 0.0 0.0
297 0.0 0.0
1546 1.4470481664452528e-05 0.0
8042 7.717590221041904e-05 203300.0
41822 0.0003907030049402238 196180.0
217476 0.010249924512320652 800140.0
1130878 0.05327548999462663 4000140.0
5880570 0.2770132539965059 20000300.0
30578964 1.440415862349061 121807960.0
159010616 7.490114249276234 521820440.0
826855206 37.44847302653983 3607420960.0
11 4.8234938881508425e-06 0.0
58 1.929397555260372e-05 0.0
308 9.646987776302032e-06 0.0
1637 1.929397555260372e-05 0.0
8679 8.199939609856502e-05 0.0
46001 0.00043411444993358 0.0
243807 0.011504032923239888 800020.0
1292182 0.06087249286846429 4599940.0
6848565 0.3226193887089726 24200180.0
36297399 1.7097838785328476 142005060.0
192376217 9.061777380321882 645189220.0
11 0.0 0.0
59 4.82349388815119e-06 0.0
320 1.4470481664451834e-05 0.0
1732 1.929397555260337e-05 0.0
9353 8.682288998671586e-05 0.0
50508 0.0004775258949269383 200880.0
272744 0.012854611211922135 2200120.0
1472817 0.0693859595810506 10200060.0
7953215 0.37464077029268 26400420.0
42947365 2.0230215716293665 144400080.0
231915771 10.924273075353584 773029660.0
11 0.0 0.0
60 4.8234938881508425e-06 0.0
332 0.0 0.0
1830 1.4470481664452528e-05 0.0
10065 9.646987776301754e-05 0.0
55361 0.002628804169042237 600300.0
304487 0.014349894317248913 2400840.0
1674678 0.07888824254070788 9607100.0
9210733 0.43387327523917285 30200320.0
50659032 2.386278896346011 169000400.0
278624678 13.124461577494733 940014220.0
11 0.0 0.0
61 4.8234938881508425e-06 0.0
344 0.0 0.0
1931 1.929397555260337e-05 0.0
10817 0.00010129337165116838 199740.0
60580 0.0028748023573379336 399980.0
339250 0.015989882239220217 1800240.0
1899804 0.08949992909463984 11007500.0
10638904 0.5011610149788778 35000000.0
59577863 2.8064052140039526 201815200.0
333636038 15.71573896408716 1131608520.0
11 0.0 0.0
62 4.8234938881508425e-06 0.0
357 0.0 0.0
2037 1.9293975552604065e-05 0.0
11611 0.00010611686553931993 199920.0
66186 0.0031111535578573274 400000.0
377260 0.017774574977836043 3000560.0
2150387 0.1012933716511688 11199800.0
12257207 0.5773722184116621 40200200.0
69866081 3.291021644946474 231407040.0
398236664 18.758717259329366 1349006660.0
11 0.0 0.0
63 1.4470481664452528e-05 0.0
370 0.0 0.0
2146 1.929397555260337e-05 0.0
12448 0.00011576385331562092 0.0
72199 0.0034005631911463788 397440.0
418755 0.019728090002537155 2000340.0
2428782 0.11441327502693921 8000880.0
14086938 0.6635680541929186 48000680.0
81704246 3.8486416558861576 277414400.0
473884627 22.322878892680155 1643593700.0
11 4.8234938881508425e-06 0.0
64 0.0 0.0
382 0.0 0.0
2259 2.4117469440754213e-05 0.0
13329 0.00012541084109192398 202400.0
78641 0.0007428180587752368 200040.0
463985 0.0218745447827643 3600440.0
2737516 0.12895610909971417 21001000.0
16151348 0.7608096909780405 53206860.0
95292954 4.488743412313221 325811360.0
562228428 26.483465545300806 1981408360.0
11 0.0 0.0
65 0.0 0.0
395 0.0 0.0
2375 2.4117469440754213e-05 0.0
14255 0.00013023433498007413 0.0
85535 0.004027617396605999 400000.0
513215 0.024189821849076733 2600040.0
3079295 0.1450906961555789 13006780.0
18475775 0.8703030022390656 59400240.0
110854655 5.221769778495513 375200620.0
665127935 31.330498083625876 2414201680.0
11 0.0 0.0
67 0.0 0.0
409 0.0 0.0
2496 2.4117469440754213e-05 0.0
15230 0.00013988132275637584 0.0
92905 0.0043893794382173145 599740.0
566724 0.0266980386709152 2000000.0
3457017 0.16286527113341495 12000140.0
21087804 0.9933503313257948 99406260.0
128635607 6.059321257234034 438001160.0
784677202 36.960595913728916 2917593600.0
11 4.8234938881508425e-06 0.0
68 0.0 0.0
422 1.4470481664453221e-05 0.0
2621 2.4117469440754213e-05 0.0
16253 0.00015435180442082834 0.0
100774 0.0009502282959657264 199980.0
624802 0.02944743018716122 2200220.0
3873776 0.18247277378874832 13399320.0
24017411 1.1313504914657926 107207720.0
148907952 7.014228342271268 506596600.0
923229302 31.840505386395627 8129007040.0
11 0.0001591752983089792 599640.0
69 4.8234938881508425e-06 0.0
436 1.4470481664453221e-05 206340.0
2750 2.894096332890575e-05 0.0
17328 0.00016399879219713005 0.0
109168 0.002059631890240432 199520.0
687758 0.03241387892837401 2600360.0
4332878 0.20410614387710516 14993400.0
27297135 1.2858325302216007 125401300.0
171971955 8.100647988168937 588393220.0
11 0.0 0.0
70 0.0 0.0
450 0.0 0.0
2883 2.8940963328905057e-05 0.0
18454 0.00017364577997343173 200440.0
118111 0.002228454176325713 403180.0
755914 0.03562150236399435 2401420.0
4837851 0.22788596874568903 24791880.0
30962247 1.4584798469601858 103210360.0
198158383 9.334160080185763 683393760.0
11 0.0 0.0
71 0.0 0.0
464 4.8234938881508425e-06 0.0
3020 2.894096332890575e-05 0.0
19635 0.00018811626163788494 194440.0
127631 0.0024069234501872955 406700.0
829607 0.03909441796346301 4399200.0
5392450 0.2540293056194668 22406820.0
35050929 1.6510578404446101 119598560.0
227831041 10.731863904155249 775999820.0
11 0.0 0.0
72 4.8234938881508425e-06 0.0
479 0.0 0.0
3162 2.894096332890575e-05 0.0
20872 0.00019776324941418662 0.0
137756 0.006511716749003707 793960.0
909193 0.042832625726779934 7602760.0
6000676 0.28268085931508313 20199680.0
39604466 1.8655586136506805 136193700.0
261389480 12.312619321180058 928418900.0
11 0.0 0.0
73 4.8234938881508425e-06 0.0
493 4.8234938881508425e-06 0.0
3308 2.8940963328905057e-05 200220.0
22166 0.00020741023719048762 200000.0
148513 0.007018183607259552 1198480.0
995042 0.046884360592826704 8999960.0
6666782 0.3140576870575047 22000500.0
44667444 2.1040562689503015 151807840.0
299271878 14.09704676763204 1056393180.0
11 0.0 0.0
74 0.0 0.0
508 0.0 0.0
3458 0.0 0.0
23519 2.8940963328905057e-05 207240.0
159932 0.0075487679349561495 600180.0
1087542 0.051249622561603245 3803120.0
7395287 0.3483527286022576 24406260.0
50287956 2.368793731001463 169799280.0
341958103 16.107744312377182 1181802800.0
11 0.0 0.0
75 0.0 0.0
523 0.0 0.0
3613 0.0 0.0
24933 2.8940963328905057e-05 0.0
172043 0.008127587201534257 599840.0
1187099 0.05592841163310962 10193760.0
8190988 0.38585539358263077 27002620.0
56517821 2.662255099156564 191400160.0
389972966 18.369456479061693 1353018840.0
11 0.0 0.0
76 4.8234938881508425e-06 0.0
538 0.0 0.0
3772 0.0 0.0
26410 2.8940963328905057e-05 199980.0
184876 0.008730523937553122 600080.0
1294138 0.06096896274622733 4600120.0
9058972 0.4267345042847096 31799800.0
63412810 2.9870450601152037 217804540.0
443889676 20.909194833459225 1531413400.0
11 0.0 199660.0
78 0.0 0.0
554 0.0 0.0
3937 0.0 0.0
27952 2.8940963328905057e-05 199500.0
198465 0.009357578143012739 800160.0
1409103 0.06639539337039707 4600620.0
10004632 0.471279470341783 32397820.0
71032888 3.345985357801953 241200280.0
504333507 23.75635857081806 1791020780.0
11 0.0 0.0
79 0.0 0.0
570 0.0 0.0
4105 0.0 0.0
29561 3.37644572170559e-05 194440.0
212840 0.01003286728735386 1200120.0
1532454 0.0722077035056189 5399440.0
11033674 0.5197555839176995 35792860.0
79442454 3.7421147933663463 264998420.0
571985675 26.943072160433264 2022022240.0
11 0.0 0.0
80 0.0 0.0
586 0.0 0.0
4279 0.0 0.0
31238 2.894096332890575e-05 199920.0
228037 0.01075639137057649 1801100.0
1664676 0.07843001062133353 13600360.0
12152138 0.5724281371763074 39391880.0
88710610 4.178665107713441 302585160.0
647587453 30.504257698055074 2340203240.0
11 0.0 0.0
81 4.823493888150149e-06 0.0
602 0.0 0.0
4457 4.341144499335759e-05 0.0
32985 0.00031352710272980824 0.0
244090 0.011504032923239885 599960.0
1806271 0.08508643218698175 6206860.0
13366408 0.6296347746897771 46807400.0
98911421 4.659181568851036 334200460.0
731944518 34.47785196311378 2723586680.0
11 0.0 0.0
82 4.8234938881508425e-06 0.0
618 0.0 0.0
4640 0.0 0.0
34804 3.376445721705659e-05 199960.0
261035 0.01229990941478478 1000000.0
1957763 0.0922252031414451 7000760.0
14683227 0.6916649060913975 80008980.0
110124206 5.187354149603558 376992100.0
825931549 38.90504759341419 3051799940.0
11 0.0 0.0
83 0.0 0.0
635 9.646987776301685e-06 0.0
4828 0.0 0.0
36698 3.858795110520674e-05 0.0
278907 0.013144020845211185 1000020.0
2119699 0.09987044095416427 7200500.0
16109714 0.7588561759533395 86806720.0
122433826 5.767186349898177 421599860.0
930497082 40.41794127492661 11610644460.0
11 0.0001591752983089792 592440.0
84 0.0 0.0
652 9.646987776302032e-06 0.0
5021 4.823493888150947e-05 0.0
38668 0.0003665855354994675 399980.0
297746 0.014036367214519105 995780.0
2292646 0.1079980281556985 8401720.0
17653375 0.8315703463172142 85598800.0
135930992 6.402971079295344 472208540.0
11 0.0 0.0
85 0.0 0.0
669 9.646987776301685e-06 0.0
5220 0.0 0.0
40716 3.858795110520674e-05 0.0
317589 0.014976948522708533 601120.0
2477195 0.11670443462381086 8000700.0
19322125 0.9101691792246329 63007400.0
150712580 7.099242422049929 518793640.0
11 0.0 0.0
86 0.0 0.0
686 9.646987776301685e-06 217560.0
5423 0.0 0.0
42845 4.341144499335828e-05 199900.0
338476 0.015965764769779463 2399740.0
2673962 0.1259655428890606 15193220.0
21124299 0.9950626716560886 67999560.0
166881969 7.860896224458395 570801020.0
11 0.0 0.0
87 0.0 0.0
703 0.0 0.0
5631 0.0 0.0
45055 4.341144499335828e-05 199980.0
360447 0.017002815955731908 2794720.0
2883583 0.13585370535976993 14992180.0
23068671 1.0866608205920745 77600220.0
184549375 8.693117742450509 624607280.0
11 0.0 0.0
89 9.646987776300992e-06 0.0
721 0.0 0.0
5845 0.0 0.0
47351 4.341144499335828e-05 199840.0
383546 0.018088102080565854 1199320.0
3106724 0.1463448045664981 18999340.0
25164471 1.1853736230130827 81991680.0
203832220 9.601405759058764 701603740.0
11 0.0 0.0
90 0.0 0.0
739 0.0 0.0
6065 0.0 0.0
49733 4.823493888150843e-05 200060.0
407813 0.01922162314428131 3401200.0
3344073 0.15753531038700821 15592080.0
27421401 1.291683428307928 89793840.0
224855494 10.591693171765584 765406840.0
11 0.0 0.0
91 0.0 0.0
757 9.646987776301685e-06 0.0
6289 6.270542054596165e-05 0.0
52204 0.0004919963765913915 199860.0
433294 0.020427496616319034 2200700.0
3596344 0.16942522282130015 17606180.0
29849656 1.4060725858654266 97400240.0
247752145 11.670226405156122 836207660.0
11 0.0 0.0
92 1.4470481664452528e-05 0.0
776 1.4470481664452528e-05 0.0
6519 6.270542054596165e-05 0.0
54765 0.0005161138460321457 197040.0
460033 0.021681605027238267 1989820.0
3864278 0.18203865933881472 17405920.0
32459938 1.529023445074393 107405780.0
272663480 12.843661880796038 909801080.0
11 0.0 0.0
93 9.64698777630238e-06 195660.0
794 9.646987776300992e-06 0.0
6755 6.270542054596165e-05 0.0
57420 0.0005450548093610515 0.0
488075 0.02300806584647977 3198120.0
4148644 0.1954238548784335 15999260.0
35263479 1.6610665902625237 116800040.0
299739577 14.11906601723145 1000591700.0
11 0.0 0.0
94 0.0 0.0
813 9.646987776301685e-06 0.0
6996 6.270542054596165e-05 0.0
60170 0.0028458613940090284 199520.0
517469 0.024382761604602766 3408040.0
4450239 0.2096290443790379 17196960.0
38272060 1.8028049581658376 128400540.0
329139719 15.503963464927889 1098812640.0
11 0.0 0.0
95 0.0 0.0
832 9.646987776301685e-06 0.0
7243 7.235240832226333e-05 0.0
63018 0.0029664487412127995 200020.0
548263 0.02582980977104803 4402520.0
4769888 0.22470246277950942 17799220.0
41498027 1.9547450156425907 140600080.0
361032838 17.006264753861927 1224219540.0
11 0.0 0.0
96 4.8234938881508425e-06 0.0
851 9.64698777630238e-06 0.0
7496 7.235240832226402e-05 0.0
65966 0.0006222307115714649 206360.0
580505 0.02737332781525632 5399980.0
5108444 0.24064411007984815 17395560.0
44954315 2.1175620518371243 149407380.0
395597977 18.634435115807264 1317619400.0
11 0.0 0.0
97 0.0 0.0
871 9.646987776301685e-06 0.0
7754 7.717590221041417e-05 0.0
69016 0.0006511716749003714 200480.0
614246 0.028940963328905354 4811400.0
5466794 0.2575263386883762 18400520.0
48654468 2.291859003485457 164002900.0
433024768 20.397398014456975 1434218640.0
11 0.0 0.0
98 4.8234938881508425e-06 0.0
890 9.64698777630238e-06 0.0
8018 7.717590221041488e-05 0.0
72170 0.0006801126382292765 200380.0
649538 0.030605068720317423 4201520.0
5845850 0.2753732660745346 19601040.0
52612658 2.4783111597319296 176601220.0
473513930 22.304607497831842 1563811620.0
11 0.0 0.0
100 0.0 0.0
910 9.646987776301685e-06 0.0
8289 8.199939609856502e-05 0.0
75432 0.0007090536015581815 0.0
686435 0.03234152652005175 2200360.0
6246561 0.29425724464664527 20599300.0
56843712 2.6775938097208836 194193700.0
517277780 24.366096433219212 1708391020.0
11 0.0 0.0
101 4.8234938881508425e-06 0.0
931 9.646987776301685e-06 0.0
8565 8.199939609856502e-05 0.0
78803 0.0007428180587752388 192480.0
724989 0.03417445419754909 5393120.0
6669905 0.3142023918741492 22399280.0
61363126 2.8904787124744233 206599900.0
564540760 26.592380037295253 1855209020.0
11 0.0 0.0
102 4.8234938881508425e-06 0.0
951 9.646987776301685e-06 0.0
8847 8.199939609856502e-05 0.0
82285 0.000776582515992294 399780.0
765257 0.03605561681392794 6994380.0
7116892 0.3352569426959279 23799480.0
66187095 3.1177135095452124 223198740.0
615539990 28.99467293334992 2034399800.0
11 0.0 0.0
103 0.0 0.0
971 9.646987776301685e-06 0.0
9136 8.682288998671586e-05 0.0
85882 0.0008103469732093499 402340.0
807294 0.03803324930806981 7192580.0
7588567 0.35746913205086284 31601860.0
71332535 3.3600940774247947 238192580.0
670525832 31.584744446470317 2189799180.0
11 0.0 0.0
104 4.8234938881508425e-06 0.0
992 9.64698777630238e-06 0.0
9431 8.682288998671586e-05 0.0
89595 0.0008441114304264065 406440.0
851159 0.04010735167997468 3607020.0
8086010 0.3809113123472761 53399700.0
76817102 3.6184404100741574 264792820.0
729762474 34.375063308357284 2384010160.0
11 0.0 0.0
105 0.0 0.0
1013 9.64698777630238e-06 0.0
9732 9.16463838748667e-05 0.0
93428 0.0008778758876434617 406520.0
896909 0.042253806460201826 3199200.0
8610335 0.4056076010546086 30401620.0
82659222 3.893620736393165 310203940.0
793528536 37.37872530491717 2601408120.0
11 0.0 0.0
106 4.8234938881508425e-06 0.0
1034 1.4470481664452528e-05 0.0
10039 9.646987776301754e-05 0.0
97382 0.0009164638387486699 206720.0
944607 0.044496731118192 3400240.0
9162692 0.431606233111742 41603140.0
88878112 4.186575637690009 294419300.0
862117695 40.32173186583355 5050192720.0
11 7.235240832226402e-05 199940.0
107 4.8234938881508425e-06 0.0
1056 3.37644572170559e-05 0.0
10353 9.646987776301824e-05 0.0
101460 0.0009550517898538772 406680.0
994312 0.046860243123385936 4393440.0
9744266 0.45900850189032727 34013760.0
95493808 4.498197460333999 328597980.0
935839324 36.21254436408503 10898971100.0
11 0.0001591752983089792 600280.0
108 0.0 0.0
1078 3.8587951105207086e-05 0.0
10673 0.00010129337165116909 0.0
105665 0.000993639740959084 392580.0
1046089 0.04929610753690214 3800020.0
10356281 0.4878481718475813 57200040.0
102527188 4.829499138041643 349585900.0
11 0.0 0.0
109 4.823493888150496e-06 0.0
1099 1.4470481664452528e-05 0.0
10999 0.00010129337165116838 0.0
109999 0.005161138460321456 799800.0
1099999 0.05182844182818136 4001120.0
10999999 0.5181638309346099 51604480.0
109999999 5.18150325151723 380991780.0
11 0.0 0.0
111 0.0 0.0
1122 1.4470481664452528e-05 0.0
11333 0.00011094035942747008 0.0
114466 0.005402313154729006 600040.0
1156111 0.054481363466664344 4200900.0
11676721 0.5500471255352873 39193140.0
117934888 5.555266145922268 403385020.0
