11 2.8940963328905057e-05 0.0
55 0.0 0.0
275 0.0 0.0
1375 1.4470481664452528e-05 0.0
6875 6.75289144341118e-05 199900.0
34375 0.000323174090506112 200060.0
171875 0.008103469732093471 598300.0
859375 0.04049323119102677 3000020.0
4296875 0.2024179210162523 14593580.0
21484375 1.0120172526729394 74800400.0
107421875 5.060066969389143 365607380.0
537109375 25.30024802405573 1760004380.0
11 0.0 0.0
56 0.0 0.0
286 0.0 0.0
1459 0.0 0.0
7441 0.0 0.0
37952 8.682288998671517e-05 192420.0
193559 0.00914052091804593 805280.0
987151 0.046522598551215405 2992060.0
5034473 0.23714707701093868 16598320.0
25675816 1.2094669749843963 92993080.0
130946666 6.1681875142896 437792480.0
667827997 31.457712911431976 2186820900.0
11 0.0 0.0
57 0.0 0.0
297 0.0 0.0
1546 0.0 0.0
8042 0.0 0.0
41822 8.199939609856432e-05 204520.0
217476 0.010249924512320652 1600260.0
1130878 0.05327548999462661 9799840.0
5880570 0.27701325399650584 24599960.0
30578964 1.4404158623490606 101397860.0
159010616 7.4901142492762345 532803260.0
826855206 38.94086685902761 2796394960.0
11 4.8234938881508425e-06 0.0
58 0.0 0.0
308 9.64698777629891e-06 0.0
1637 1.4470481664455303e-05 0.0
8679 8.199939609856432e-05 0.0
46001 0.00042929095604543057 196780.0
243807 0.01150403292323987 1000120.0
1292182 0.06087249286846428 4600080.0
6848565 0.3226193887089726 23406660.0
36297399 1.7097838785328476 123198500.0
192376217 9.061777380321882 663399140.0
11 0.0 0.0
59 0.0 0.0
320 0.0 0.0
1732 0.0 0.0
9353 0.0 0.0
50508 9.646987776301685e-05 184100.0
272744 0.012854611211922135 1000120.0
1472817 0.0693859595810506 4600780.0
7953215 0.37464077029268006 25600140.0
42947365 2.023021571629367 163000140.0
231915771 10.924273075353586 788007160.0
11 0.0 0.0
60 4.823493888153618e-06 0.0
332 4.8234938881508425e-06 0.0
1830 1.929397555260337e-05 190640.0
10065 9.646987776301685e-05 0.0
55361 0.0005209373399203022 206380.0
304487 0.014349894317248896 992920.0
1674678 0.07888824254070789 5399640.0
9210733 0.4338732752391731 51194680.0
50659032 2.3862788963460106 164800380.0
278624678 13.124461577494733 953995740.0
11 0.0 0.0
61 0.0 0.0
344 4.8234938881508425e-06 0.0
1931 1.929397555260337e-05 0.0
10817 0.00010129337165117047 186520.0
60580 0.0005691722788018049 203820.0
339250 0.015989882239220238 2595960.0
1899804 0.08949992909463983 16009600.0
10638904 0.5011610149788779 35001280.0
59577863 2.8064052140039526 199593220.0
333636038 15.71573896408716 1141798860.0
11 0.0 0.0
62 0.0 0.0
357 0.0 0.0
2037 1.929397555260337e-05 0.0
11611 0.00011094035942747215 0.0
66186 0.0006270542054596151 208320.0
377260 0.01777457497783605 1199240.0
2150387 0.1012933716511688 7000940.0
12257207 0.5773722184116622 56998440.0
69866081 3.2910216449464746 235201840.0
398236664 18.758717259329366 1382191520.0
11 0.0 0.0
63 0.0 0.0
370 0.0 0.0
2146 2.411746944075144e-05 0.0
12448 0.00011576385331562023 0.0
72199 0.0006801126382292744 199920.0
418755 0.01972809000253717 3601800.0
2428782 0.11441327502693921 19007880.0
14086938 0.6635680541929185 45802740.0
81704246 3.8486416558861576 274592540.0
473884627 22.32206854570695 1622198380.0
11 0.0 0.0
64 0.0 0.0
382 0.0 0.0
2259 2.411746944075144e-05 0.0
13329 0.00012541084109192745 203800.0
78641 0.0007428180587752353 198660.0
463985 0.021874544782764294 1801060.0
2737516 0.12895610909971417 9400000.0
16151348 0.7608096909780404 52199800.0
95292954 4.488743412313221 325199040.0
562228428 26.48354754469691 1972405800.0
11 0.0 0.0
65 0.0 0.0
395 0.0 0.0
2375 2.4117469440748664e-05 0.0
14255 0.00013505782886822637 0.0
85535 0.004027617396605987 1008160.0
513215 0.024189821849076726 4014460.0
3079295 0.14506657868613815 19603080.0
18475775 0.870303002239066 61598140.0
110854655 5.2217938959649555 374199200.0
665127935 31.330498083625876 2537196460.0
11 0.0 0.0
67 0.0 0.0
409 0.0 0.0
2496 2.4117469440748664e-05 0.0
15230 0.00014470481664452805 0.0
92905 0.004365261968776546 400260.0
566724 0.026698038670915192 1999940.0
3457017 0.16286527113341492 28005420.0
21087804 0.9933503313257951 67400020.0
128635607 6.059321257234035 429799200.0
784677202 36.9617824932254 2952177020.0
11 0.0 0.0
68 0.0 0.0
422 0.0 0.0
2621 2.894096332890783e-05 0.0
16253 0.00015435180442082696 0.0
100774 0.0009502282959657271 404520.0
624802 0.0294474301871612 2399600.0
3873776 0.18247277378874832 13199280.0
24017411 1.1313504914657924 78391100.0
148907952 7.014228342271269 514998520.0
923229302 42.37917871334265 12960120680.0
11 0.00016399879219713073 800000.0
69 0.0 0.0
436 1.929397555260372e-05 0.0
2750 2.411746944075456e-05 0.0
17328 0.00016399879219713073 200000.0
109168 0.002064455384128583 397700.0
687758 0.03241387892837401 2400080.0
4332878 0.20410614387710516 15207220.0
27297135 1.2858228832338243 91998120.0
171971955 8.100657635156711 601804100.0
11 0.0 0.0
70 4.8234938881508425e-06 0.0
450 0.0 0.0
2883 2.8940963328905057e-05 0.0
18454 0.0001736457799734324 0.0
118111 0.0055566649591498275 802940.0
755914 0.035621502363994355 2393600.0
4837851 0.22788596874568903 16200500.0
30962247 1.4584798469601858 102607700.0
198158383 9.334160080185764 691602740.0
11 0.0 0.0
71 0.0 0.0
464 4.8234938881508425e-06 0.0
3020 2.8940963328905057e-05 0.0
19635 0.00018329276774973411 194540.0
127631 0.006010073384636015 0.0
829607 0.03909441796346301 2603080.0
5392450 0.2540293056194669 35193100.0
35050929 1.6510578404446101 120601240.0
227831041 10.731863904155249 813199600.0
11 0.0 0.0
72 4.823493888151536e-06 0.0
479 4.8234938881508425e-06 0.0
3162 2.894096332890575e-05 0.0
20872 0.0001929397555260358 200500.0
137756 0.006511716749003707 599900.0
909193 0.04283262572677994 3200440.0
6000676 0.2826808593150832 20000040.0
39604466 1.865558613650681 139200900.0
261389480 12.312619321180055 896994080.0
11 0.0 0.0
73 4.8234938881508425e-06 0.0
493 4.8234938881508425e-06 0.0
3308 3.37644572170559e-05 0.0
22166 0.00021223373107863915 0.0
148513 0.007018183607259557 999360.0
995042 0.04688436059282669 8199320.0
6666782 0.3140576870575047 22193860.0
44667444 2.1040562689503015 152206780.0
299271878 14.097046767632042 1032407040.0
11 0.0 0.0
74 0.0 0.0
508 0.0 0.0
3458 0.0 198580.0
23519 2.4117469440754213e-05 0.0
159932 0.007548767934956145 1600240.0
1087542 0.051249622561603245 9398260.0
7395287 0.3483527286022576 24796520.0
50287956 2.3687937310014635 172191080.0
341958103 16.107744312377182 1174394240.0
11 0.0 0.0
75 0.0 0.0
523 0.0 0.0
3613 0.0 0.0
24933 2.8940963328905057e-05 0.0
172043 0.00812758720153426 805940.0
1187099 0.05592841163310962 9800500.0
8190988 0.38585539358263066 27392820.0
56517821 2.662255099156564 189400580.0
389972966 18.369456479061693 1344407740.0
11 0.0 199980.0
76 4.823493888151536e-06 0.0
538 0.0 0.0
3772 0.0 0.0
26410 2.8940963328905057e-05 194220.0
184876 0.008730523937553119 599480.0
1294138 0.0609689627462273 4398540.0
9058972 0.4267345042847096 47600440.0
63412810 2.9870450601152045 212000160.0
443889676 20.909194833459228 1496623000.0
11 0.0 0.0
78 4.823493888151536e-06 0.0
554 0.0 0.0
3937 0.0 0.0
27952 3.37644572170559e-05 0.0
198465 0.009357578143012735 600580.0
1409103 0.06639539337039707 9192520.0
10004632 0.47127947034178314 32799220.0
71032888 3.345985357801953 241210720.0
504333507 23.756358570818055 1728833940.0
11 0.0 0.0
79 2.4117469440754213e-05 0.0
570 0.0 0.0
4105 4.8234938881508425e-06 0.0
29561 4.823493888150843e-05 195040.0
212840 0.010032867287353857 599580.0
1532454 0.07220770350561888 4600920.0
11033674 0.5197555839176995 36001480.0
79442454 3.7421147933663454 267401480.0
571985675 26.943072160433257 2056006880.0
11 0.0 0.0
80 0.0 0.0
586 4.8234938881508425e-06 0.0
4279 0.0 0.0
31238 3.37644572170559e-05 0.0
228037 0.010756391370576494 993480.0
1664676 0.07843001062133353 14600440.0
12152138 0.5724281371763074 39800260.0
88710610 4.178665107713442 302799520.0
647587453 30.504257698055074 2345402180.0
11 0.0 0.0
81 0.0 0.0
602 4.823493888151536e-06 0.0
4457 4.341144499335828e-05 0.0
32985 0.0003087036088416574 0.0
244090 0.011504032923239885 1003740.0
1806271 0.08508643218698177 9600460.0
13366408 0.6296347746897769 45406220.0
98911421 4.659181568851033 336799800.0
731944518 34.47785196311378 2743002540.0
11 0.0 199940.0
82 0.0 0.0
618 0.0 0.0
4640 4.341144499335759e-05 0.0
34804 0.00032799758439426075 0.0
261035 0.01229990941478478 999540.0
1957763 0.0922252031414451 6805020.0
14683227 0.6916649060913974 81006080.0
110124206 5.187354149603558 372212600.0
825931549 38.905047593414196 3045412840.0
11 0.0 0.0
83 0.0 0.0
635 0.0 0.0
4828 0.0 0.0
36698 3.376445721705659e-05 200060.0
278907 0.013144020845211185 1199940.0
2119699 0.09987044095416427 7399780.0
16109714 0.7588561759533395 86614800.0
122433826 5.767186349898176 420393420.0
930497082 32.76927395805297 8953315040.0
11 0.0001639987921971297 1000020.0
84 4.8234938881508425e-06 0.0
652 1.4470481664452181e-05 0.0
5021 4.823493888150843e-05 200500.0
38668 0.0003665855354994689 199960.0
297746 0.014036367214519105 1199980.0
2292646 0.1079980281556985 8600300.0
17653375 0.8315703463172144 101209660.0
135930992 6.402971079295346 463806700.0
11 0.0 0.0
85 0.0 200520.0
669 9.646987776301685e-06 201500.0
5220 0.0 0.0
40716 3.858795110520674e-05 0.0
317589 0.014976948522708528 2800220.0
2477195 0.11670443462381089 14199940.0
19322125 0.9101691792246331 63800460.0
150712580 7.099242422049928 515000520.0
11 0.0 0.0
86 0.0 0.0
686 4.8234938881508425e-06 192220.0
5423 0.0 0.0
42845 4.341144499335828e-05 201820.0
338476 0.015965764769779463 1399900.0
2673962 0.12596554288906062 8997320.0
21124299 0.9950626716560889 80199940.0
166881969 7.860896224458395 565392380.0
11 0.0 0.0
87 0.0 0.0
703 0.0 0.0
5631 0.0 0.0
45055 4.341144499335828e-05 203900.0
360447 0.017002815955731908 1206780.0
2883583 0.13585370535976998 9400920.0
23068671 1.0866608205920745 86208480.0
184549375 8.693117742450507 622187600.0
11 0.0 0.0
89 1.9293975552604065e-05 201720.0
721 0.0 0.0
5845 0.0 0.0
47351 4.341144499335828e-05 192280.0
383546 0.018088102080565854 1198660.0
3106724 0.14634480456649812 10206380.0
25164471 1.1853736230130825 82805840.0
203832220 9.601405759058762 711385380.0
11 0.0 0.0
90 4.8234938881508425e-06 0.0
739 0.0 0.0
6065 0.0 200040.0
49733 4.341144499335828e-05 200420.0
407813 0.01922162314428131 1606360.0
3344073 0.15753531038700821 11393000.0
27421401 1.291683428307928 89599600.0
224855494 10.591693171765584 757402100.0
11 0.0 0.0
91 0.0 0.0
757 4.8234938881508425e-06 202580.0
6289 5.7881926657810805e-05 0.0
52204 0.0004919963765913909 201740.0
433294 0.02042749661631904 1393500.0
3596344 0.16942522282130013 11992160.0
29849656 1.4060725858654266 121399720.0
247752145 11.670226405156122 851598200.0
11 0.0 0.0
92 4.8234938881508425e-06 0.0
776 9.64698777630238e-06 0.0
6519 6.270542054596096e-05 0.0
54765 0.0005161138460321457 0.0
460033 0.02168160502723826 3201260.0
3864278 0.18203865933881472 24800100.0
32459938 1.5290234450743927 105400140.0
272663480 12.84366188079603 929193640.0
11 0.0 0.0
93 0.0 0.0
794 4.8234938881508425e-06 0.0
6755 6.270542054596165e-05 0.0
57420 0.0005402313154728999 207300.0
488075 0.023008065846479762 4402780.0
4148644 0.19542385487843353 26800660.0
35263479 1.6610665902625228 116001620.0
299739577 14.119066017231443 1014393700.0
11 0.0 0.0
94 0.0 0.0
813 4.8234938881508425e-06 0.0
6996 6.75289144341118e-05 0.0
60170 0.0005643487849136541 207520.0
517469 0.02438276160460278 3200660.0
4450239 0.20962904437903784 27391600.0
38272060 1.802804958165837 128400200.0
329139719 15.503963464927889 1114585340.0
11 0.0 0.0
95 0.0 0.0
832 9.646987776301685e-06 0.0
7243 6.752891443411249e-05 0.0
63018 0.0005932897482425606 200840.0
548263 0.025829809771048033 4189460.0
4769888 0.22470246277950942 25598820.0
41498027 1.954745015642591 141989380.0
361032838 17.00626475386193 1209599580.0
11 2.4117469440750744e-05 0.0
96 2.8940963328905057e-05 0.0
851 3.376445721705937e-05 0.0
7496 9.164638387486948e-05 0.0
65966 0.0006174072176833141 202140.0
580505 0.027349210345815566 5001740.0
5108444 0.24064411007984815 24398060.0
44954315 2.117562051837124 151794940.0
395597977 18.634435115807264 1309197960.0
11 0.0 0.0
97 0.0 0.0
871 9.64698777630238e-06 0.0
7754 7.717590221041417e-05 0.0
69016 0.0032558583745018526 199900.0
614246 0.028940963328905354 4400860.0
5466794 0.2575263386883762 25800060.0
48654468 2.291859003485457 162000400.0
433024768 20.397398014456975 1429008880.0
11 0.0 0.0
98 0.0 0.0
890 9.646987776301685e-06 0.0
8018 7.717590221041417e-05 0.0
72170 0.0034005631911463788 402320.0
649538 0.030605068720317423 4993240.0
5845850 0.2753732660745346 25607040.0
52612658 2.4783111597319296 176399020.0
473513930 22.304607497831842 1547827440.0
11 0.0 0.0
100 4.8234938881508425e-06 0.0
910 9.646987776301685e-06 193220.0
8289 7.717590221041348e-05 0.0
75432 0.0035452680077909075 610420.0
686435 0.032341526520051754 6199800.0
6246561 0.29425724464664527 23591320.0
56843712 2.6775938097208836 190600040.0
517277780 24.366096433219205 1698022280.0
11 0.0 0.0
101 4.8234938881508425e-06 0.0
931 9.646987776301685e-06 0.0
8565 8.199939609856502e-05 190640.0
78803 0.003714090293876187 399240.0
724989 0.03417445419754909 6594160.0
6669905 0.3142023918741493 25811240.0
61363126 2.8904787124744233 207207280.0
564540760 26.59238003729525 1854007220.0
11 0.0 0.0
102 0.0 0.0
951 9.646987776301685e-06 184700.0
8847 8.199939609856572e-05 0.0
82285 0.0038829125799614726 399920.0
765257 0.036055616813927945 2600660.0
7116892 0.3352569426959279 25390240.0
66187095 3.1177135095452115 220586040.0
615539990 28.994672933349925 2018601100.0
11 0.0 0.0
103 0.0 0.0
971 9.64698777630238e-06 0.0
9136 8.682288998671586e-05 0.0
85882 0.00405173486604675 799800.0
807294 0.03803324930806979 2806760.0
7588567 0.3574691320508627 26202120.0
71332535 3.3600940774247947 245200440.0
670525832 31.584744446470307 2185827340.0
11 0.0 0.0
104 4.823493888151536e-06 0.0
992 9.646987776301685e-06 0.0
9431 8.682288998671656e-05 0.0
89595 0.0042205571521320324 800080.0
851159 0.04010735167997469 3400300.0
8086010 0.3809113123472761 27198740.0
76817102 3.6184404100741565 263000060.0
729762474 34.375063308357284 2387613340.0
11 0.0 0.0
105 0.0 0.0
1013 1.929397555260337e-05 0.0
9732 9.16463838748667e-05 0.0
93428 0.004389379438217313 600020.0
896909 0.04225380646020183 3200180.0
8610335 0.40560760105460886 29000780.0
82659222 3.893620736393166 285407580.0
793528536 37.378725304917175 2585621600.0
11 0.0 0.0
106 4.8234938881508425e-06 0.0
1034 1.4470481664453221e-05 0.0
10039 9.646987776301824e-05 193180.0
97382 0.0009164638387486699 206900.0
944607 0.044496731118192 3406520.0
9162692 0.43160623311174195 30993920.0
88878112 4.186575637690009 299013600.0
862117695 40.704519517303325 3644811700.0
11 6.270542054596234e-05 200000.0
107 4.823493888151536e-06 0.0
1056 2.4117469440753868e-05 0.0
10353 9.646987776301754e-05 0.0
101460 0.0009598752837420281 400020.0
994312 0.04686024312338594 3199980.0
9744266 0.4590036783964391 42805860.0
95493808 4.498197460333997 333193020.0
935839324 30.187580853816304 13317756400.0
11 0.00016399879219713005 1000000.0
108 4.8234938881508425e-06 0.0
1078 2.8940963328905402e-05 0.0
10673 0.00010129337165116909 0.0
105665 0.0009984632348472348 199980.0
1046089 0.04929610753690214 3399840.0
10356281 0.48784817184758156 45401120.0
102527188 4.829499138041642 350393180.0
11 0.0 0.0
109 0.0 0.0
1099 1.4470481664452876e-05 0.0
10999 0.00010129337165116909 0.0
109999 0.0010370511859524422 399780.0
1099999 0.05182844182818136 3800040.0
10999999 0.5181638309346098 36200600.0
109999999 5.181493604529454 366200920.0
11 0.0 0.0
111 2.894096332890575e-05 0.0
1122 1.4470481664453221e-05 0.0
11333 0.00010611686553931924 0.0
114466 0.0010756391370576497 399720.0
1156111 0.054481363466664344 4000100.0
11676721 0.5500471255352872 41207920.0
117934888 5.555266145922267 397398640.0
